1: 4.123617e-01 2.125735e-01 1.929456e-02 
2: 3.576518e-01 7.152614e-01 1.192235e-01 
3: 1.804853e-01 7.218840e-02 9.503786e-01 
4: 5.381570e-01 7.874767e-01 1.069827e+00 
5: 5.928836e-01 2.848007e-01 9.697566e-01 
6: 7.700172e-01 9.278431e-01 1.385228e-01 
7: 3.844252e-01 4.144992e-01 5.497536e-02 
8: 2.807235e-01 1.300448e-01 2.450082e-01 
9: 2.590578e-01 2.814554e-01 4.014200e-01 
10: 4.725669e-01 4.392748e-01 2.689949e-01 
11: NaN NaN NaN 
12: 4.972535e-01 2.469802e-01 2.489272e-01 
13: 5.728173e-01 4.858114e-01 6.063300e-02 
14: 5.650989e-01 4.943314e-01 1.018973e+00 
15: 6.776193e-01 5.446138e-01 4.280066e-01 
16: 4.417773e-01 7.507903e-01 4.345981e-01 
17: 4.654241e-01 4.675066e-01 4.068622e-01 
18: NaN NaN NaN 
19: 5.377655e-01 8.169483e-01 1.286319e-01 
20: 3.274578e-01 3.006469e-01 1.008925e+00 
21: 3.468607e-01 1.549884e-01 9.600350e-01 
22: 4.066228e-01 3.369531e-01 4.223770e-01 
23: NaN NaN NaN 
24: 6.471813e-01 8.557422e-01 4.566848e-01 
25: 2.696803e-01 1.960706e-01 3.167459e-01 
26: 3.175776e-01 3.436340e-01 1.745958e-01 
27: 3.298555e-01 2.454563e-01 1.272551e-01 
28: 3.126135e-01 1.421521e-01 5.238870e-01 
29: 4.170632e-01 1.970323e-01 5.264987e-01 
30: 3.790051e-01 1.825172e-01 2.474372e-01 
31: 2.919925e-01 2.910025e-01 6.593343e-01 
32: 3.423951e-01 4.784965e-01 4.178639e-01 
33: 3.817540e-01 4.919100e-01 6.819730e-01 
34: 6.622613e-01 6.885057e-01 4.421459e-01 
35: 6.197499e-01 5.191503e-01 6.815196e-01 
36: 6.052826e-01 6.586988e-01 7.007698e-01 
37: 3.370519e-01 2.198398e-01 9.843538e-01 
38: 4.472167e-01 2.927093e-01 9.893435e-01 
39: 4.355880e-01 3.895685e-01 1.014153e+00 
40: 5.908545e-01 8.363100e-01 2.590659e-01 
41: 4.882786e-01 7.835137e-01 2.514181e-01 
42: 5.379417e-01 8.021223e-01 4.455052e-01 
43: 6.237301e-01 5.146528e-01 1.883411e-01 
44: 5.826836e-01 3.763401e-01 3.303220e-01 
45: 5.340612e-01 3.529797e-01 1.333655e-01 
