1: 2.165177e+05 1.116419e+05 1.014927e+04 
2: 1.877084e+05 3.754169e+05 6.256948e+04 
3: 9.472008e+04 3.788803e+04 4.988591e+05 
4: 2.824285e+05 4.133049e+05 5.614286e+05 
5: 3.112378e+05 1.495300e+05 5.090084e+05 
6: 4.042261e+05 4.870588e+05 7.271874e+04 
7: 7.662617e+04 9.232815e+04 1.378476e+04 
8: 5.899906e+04 2.834530e+04 9.648897e+04 
9: 5.353789e+04 7.834717e+04 1.064259e+05 
10: 9.458156e+04 9.951031e+04 1.083498e+05 
11: NaN NaN NaN 
12: 2.344731e+05 1.188241e+05 1.047143e+05 
13: 2.521002e+05 1.828069e+05 2.201010e+04 
14: 1.713463e+05 1.302162e+05 5.126439e+05 
15: 2.700556e+05 1.899891e+05 1.165752e+05 
16: 2.056638e+05 3.825990e+05 1.571345e+05 
17: 9.458156e+04 9.951031e+04 1.083498e+05 
18: NaN NaN NaN 
19: 2.287521e+05 3.965800e+05 6.449340e+04 
20: 1.303026e+05 1.090530e+05 5.107199e+05 
21: 1.357638e+05 5.905117e+04 5.007830e+05 
22: 9.458156e+04 9.951031e+04 1.083498e+05 
23: NaN NaN NaN 
24: 2.467075e+05 4.037622e+05 1.590584e+05 
25: 3.251571e+04 2.472613e+04 9.718440e+04 
26: 4.679336e+04 7.655112e+04 3.019544e+04 
27: 5.121681e+04 3.605048e+04 2.214671e+04 
28: 8.857023e+04 4.017377e+04 2.522305e+05 
29: 1.561661e+05 7.502787e+04 2.553990e+05 
30: 1.265949e+05 6.319940e+04 9.965753e+04 
31: 8.310907e+04 9.017564e+04 2.621674e+05 
32: 1.121396e+05 1.955506e+05 1.259598e+05 
33: 1.417108e+05 2.073790e+05 2.817013e+05 
34: 2.207791e+05 2.515678e+05 1.310523e+05 
35: 1.917486e+05 1.461929e+05 2.672599e+05 
36: 1.827544e+05 2.285422e+05 2.836252e+05 
37: 1.092804e+05 5.543201e+04 5.014785e+05 
38: 1.425251e+05 7.257378e+04 5.030368e+05 
39: 1.381016e+05 1.130744e+05 5.110855e+05 
40: 2.321639e+05 3.979447e+05 8.246242e+04 
41: 1.989193e+05 3.808030e+05 8.090408e+04 
42: 2.134628e+05 3.866204e+05 1.575001e+05 
43: 2.555120e+05 1.841717e+05 3.997913e+04 
44: 2.412344e+05 1.323467e+05 1.069681e+05 
45: 2.266908e+05 1.265293e+05 3.037206e+04 
